8.47
2.90
5.68
1.91
7.07
0.11
0.64
0.63
4.93
4.20
0.43
2.89
0.64
0.42
4.65
1.19
1.51
7.27
2.33
0.12
0.41
0.85
0.07
6.59
4.34
9.36
0.55
5.00
17.27
10.86
0.74
2.09
1.38
2.25
0.93
2.31
2.00
9.65
7.36
5.56
1.08
5.33
5.42
0.46
0.38
3.22
0.78
0.51
0.05
-4.44
0.26
1.13
0.04
12.25
-0.20
4.58
2.44
0.98
0.94
2.60
0.82
3.31
5.23
0.31
0.19
4.04
2.02
2.51
5.16
0.27
2.46
0.83
1.80
0.51
-0.04
0.54
0.22
1.25
5.58
2.96
0.53
-17.36
-15.35
2.30
0.21
2.41
0.14
0.12
3.62
-2.90
2.46
0.58
2.00
3.39
2.97
1.28
1.22
1.58
0.08
0.53
2.41
0.51
2.01
0.94
0.65
0.32
3.53
0.31
1.23
-1.21
0.49
0.38
4.93
5.99
7.48
2.56
0.29
8.15
7.56
3.32
5.20
1.06
1.47
0.80
0.41
0.75
0.54
0.28
0.56
-4.84
0.13
1.11
0.34
0.68
0.26
2.91
3.50
5.35
1.27
1.70
0.43
2.58
0.77
-1.85
1.55
4.88
7.22
3.32
1.73
2.78
1.41
0.52
1.76
-3.78
-6.04
0.25
0.19
1.47
0.20
0.10
1.31
0.54
0.70
4.41
0.68
2.94
0.24
2.35
1.57
1.44
1.51
2.58
3.76
4.69
0.78
0.42
0.58
0.36
1.05
2.42
-19.25
-3.36
-1.76
5.02
7.90
7.61
8.59
5.49
2.79
3.37
6.04
1.56
0.59
1.78
3.60
3.74
2.18
0.45
-0.04
2.80
7.14
-1.07
0.40
2.50
0.42
0.29
0.29
0.67
0.64
2.01
0.53
-3.37
-7.43
0.08
9.76
3.77
9.59
1.90
0.92
0.93
0.14
0.30
-3.56
2.24
1.12
2.76
3.08
0.85
1.87
8.59
8.34
-11.83
-32.40
-22.14
0.34
0.83
1.23
0.80
0.96
0.96
0.60
0.60
-2.32
3.67
0.28
0.98
0.39
0.70
2.63
5.52
9.13
0.37
6.32
1.86
4.90
1.00
0.76
8.64
12.52
-25.16
4.07
0.30
3.47
0.38
2.13
-4.00
11.75
14.38
11.60
14.88
21.84
-12.81
-17.29
10.46
6.73
3.94
0.15
0.74
8.35
0.49
0.56
1.55
0.79
10.72
8.58
1.18
16.72
9.14
5.26
6.13
-5.93
4.97
0.24
10.65
1.20
7.12
-28.65
0.49
1.13
-0.10
10.05
14.59
0.73
6.99
18.54
5.83
23.75
9.59
7.88
0.39
-18.32
8.71
-20.15
0.97
6.39
-0.07
3.46
0.89
1.76
3.00
1.35
5.55
-1.00
4.72
0.44
5.01
0.99
5.28
0.87
0.88
-2.44
5.22
20.16
23.59
1.78
18.93
-1.45
22.11
7.78
0.82
1.72
1.38
12.78
-9.66
14.51
16.88
3.65
4.22
5.65
-1.41
4.55
9.08
-10.23
16.77
0.04
-7.39
0.30
14.35
5.01
2.03
10.02
1.61
5.60
3.57
0.75
0.37
6.60
5.93
9.45
1.67
-4.17
1.78
4.45
10.07
2.93
1.03
4.27
3.36
1.74
7.76
9.48
5.80
0.09
9.05
1.65
-4.89
6.49
1.80
2.00
2.64
5.04
1.35
2.63
0.26
1.88
2.01
-19.00
14.47
14.34
-9.38
21.97
13.11
4.31
2.52
0.72
1.88
9.62
8.50
-14.16
-22.39
-12.85
-7.63
-10.60
-16.67
0.50
3.20
9.20
0.98
6.03
1.10
0.40
0.80
4.24
5.03
5.00
2.35
31.00
-6.58
6.18
16.92
-14.35
-7.34
13.88
8.16
0.13
-5.97
12.57
4.58
8.46
8.46
2.15
0.31
7.62
6.74
0.45
-2.11
-5.59
-11.07
-9.41
-22.83
15.30
20.05
25.06
9.67
9.09
0.47
2.68
4.24
3.50
6.76
3.29
2.61
8.02
10.73
-11.27
15.05
0.78
7.78
2.00
13.58
-13.27
0.15
7.90
2.50
0.57
15.68
4.06
12.92
1.65
-9.62
0.64
-9.88
0.27
10.79
11.38
3.12
6.04
0.94
2.52
1.71
0.32